0.900000 1.000
0.950000 2.000
1.000000 3.000
1.000000 4.000
1.000000 5.000
1.000000 6.000
1.000000 7.000
0.950000 8.000
0.900000 9.000
0.750000 10.000
0.850000 11.000
0.950000 12.000
1.000000 13.000
1.000000 14.000
0.950000 15.000
1.000000 16.000
0.700000 17.000
0.800000 18.000
0.950000 19.000
1.000000 20.000
1.000000 21.000
0.850000 22.000
1.000000 23.000
0.900000 24.000
0.900000 25.000
0.950000 26.000
0.900000 27.000
1.000000 28.000
0.900000 29.000
1.000000 30.000
1.000000 31.000
1.000000 32.000
0.750000 33.000
1.000000 34.000
0.950000 35.000
0.750000 36.000
0.850000 37.000
0.850000 38.000
0.850000 39.000
0.950000 40.000
1.000000 41.000
0.850000 42.000
0.850000 43.000
0.800000 44.000
1.000000 45.000
1.000000 46.000
1.000000 47.000
0.900000 48.000
0.900000 49.000
0.950000 50.000
1.000000 51.000
1.000000 52.000
1.000000 53.000
0.900000 54.000
0.650000 55.000
1.000000 56.000
0.900000 57.000
1.000000 58.000
0.950000 59.000
0.700000 60.000
0.850000 61.000
0.900000 62.000
0.950000 63.000
1.000000 64.000
1.000000 65.000
0.650000 66.000
0.900000 67.000
0.950000 68.000
0.950000 69.000
0.950000 70.000
0.950000 71.000
0.800000 72.000
0.900000 73.000
1.000000 74.000
1.000000 75.000
1.000000 76.000
0.900000 77.000
1.000000 78.000
0.850000 79.000
0.900000 80.000
0.950000 81.000
1.000000 82.000
1.000000 83.000
1.000000 84.000
0.850000 85.000
0.850000 86.000
1.000000 87.000
0.800000 88.000
1.000000 89.000
0.850000 90.000
1.000000 91.000
1.000000 92.000
0.950000 93.000
1.000000 94.000
1.000000 95.000
0.850000 96.000
0.750000 97.000
0.800000 98.000
0.800000 99.000
1.000000 100.000
