500 0
499 0
498 0
497 0
496 0
495 0
494 0
493 0
492 0
491 0
490 0
489 0
488 0
487 0
486 0
485 0
484 0
483 0
482 0
481 0
480 0
479 0
478 0
477 0
476 0
475 0
474 0
473 0
472 0
471 0
470 0
469 0
468 0
467 0
466 0
465 0
464 0
463 0
462 0
461 0
460 0
459 0
458 0
457 0
456 0
455 0
454 0
453 0
452 0
451 0
450 0
449 0
448 0
447 0
446 0
445 0
444 0
443 0
442 0
441 0
440 0
439 0
438 0
437 0
436 0
435 0
434 0
433 0
432 0
431 0
430 0
429 0
428 0
427 0
426 0
425 0
424 0
423 0
422 0
421 0
420 0
419 0
418 0
417 0
416 0
415 0
414 0
413 0
412 0
411 0
410 0
409 0
408 0
407 0
406 0
405 0
404 0
403 0
402 0
401 0
400 0
399 0
398 0
397 0
396 0
395 0
394 0
393 0
392 0
391 0
390 0
389 0
388 0
387 0
386 0
385 0
384 0
383 0
382 0
381 0
380 0
379 0
378 0
377 0
376 0
375 0
374 0
373 0
372 0
371 0
370 0
369 0
368 0
367 0
366 0
365 0
364 0
363 0
362 0
361 0
360 0
359 0
358 0
357 0
356 0
355 0
354 0
353 0
352 0
351 0
350 0
349 0
348 0
347 0
346 0
345 0
344 0
343 0
342 0
341 0
340 0
339 0
338 0
337 0
336 0
335 0
334 0
333 0
332 0
331 0
330 0
329 0
328 0
327 0
326 0
325 0
324 0
323 0
322 0
321 0
320 0
319 0
318 0
317 0
316 0
315 0
314 0
313 0
312 0
311 0
310 0
309 0
308 0
307 0
306 0
305 0
304 0
303 0
302 0
301 0
300 0
299 0
298 0
297 0
296 0
295 0
294 0
293 0
292 0
291 0
290 0
289 0
288 0
287 0
286 0
285 0
284 0
283 0
282 0
281 0
280 0
279 0
278 0
277 0
276 0
275 0
274 0
273 0
272 0
271 0
270 0
269 0
268 0
267 0
266 0
265 0
264 0
263 0
262 0
261 0
260 0
259 0
258 0
257 0
256 0
255 0
254 0
253 0
252 0
251 0
250 0
249 0
248 0
247 0
246 0
245 0
244 0
243 0
242 0
241 0
240 0
239 0
238 0
237 0
236 0
235 0
234 0
233 0
232 0
231 0
230 0.0018797
229 0.0019685
228 0.00196464
227 0.00192678
226 0.0020202
225 0.00208333
224 0.00194553
223 0.00184843
222 0.00191205
221 0.00194932
220 0.00191571
219 0.00201207
218 0.00201207
217 0.0017094
216 0.00200803
215 0.00368324
214 0.00573614
213 0.00610998
212 0.00575816
211 0.00601202
210 0.00736648
209 0.00798403
208 0.00788955
207 0.00705467
206 0.00775194
205 0.00735294
204 0.00729927
203 0.00779727
202 0.00738007
201 0.0070922
200 0.00716846
199 0.00705467
198 0.00767754
197 0.00723327
196 0.00739372
195 0.00684932
194 0.00695652
193 0.00692042
192 0.00686106
191 0.00684932
190 0.00651466
189 0.00694444
188 0.00653595
187 0.00740741
186 0.00791139
185 0.011254
184 0.0130597
183 0.011925
182 0.011236
181 0.0120482
180 0.0131148
179 0.0125392
178 0.0126984
177 0.0136286
176 0.0165913
175 0.0198171
174 0.0208668
173 0.0215947
172 0.0213465
171 0.0205371
170 0.0221169
169 0.0222576
168 0.0230769
167 0.0227964
166 0.023845
165 0.0246154
164 0.0239163
163 0.0296192
162 0.0336907
161 0.0380518
160 0.0384025
159 0.0344353
158 0.0362117
157 0.0436006
156 0.0444126
155 0.0504087
500 0
499 0
498 0
497 0
496 0
495 0
494 0
493 0
492 0
491 0
490 0
489 0
488 0
487 0
486 0
485 0
484 0
483 0
482 0
481 0
480 0
479 0
478 0
477 0
476 0
475 0
474 0
473 0
472 0
471 0
470 0
469 0
468 0
467 0
466 0
465 0
464 0
463 0
462 0
461 0
460 0
459 0
458 0
457 0
456 0
455 0
454 0
453 0
452 0
451 0
450 0
449 0
448 0
447 0
446 0
445 0
444 0
443 0
442 0
441 0
440 0
439 0
438 0
437 0
436 0
435 0
434 0
433 0
432 0
431 0
430 0
429 0
428 0
427 0
426 0
425 0
424 0
423 0
422 0
421 0
420 0
419 0
418 0
417 0
500 0
499 0
498 0
497 0
496 0
495 0
494 0
493 0
492 0
491 0
490 0
489 0
488 0
487 0
486 0
485 0
484 0
483 0
482 0
481 0
480 0
479 0
478 0
477 0
476 0
475 0
474 0
473 0
472 0
471 0
470 0
469 0
468 0
467 0
466 0
465 0
464 0
463 0
462 0
461 0
460 0
459 0
458 0
457 0
456 0
455 0
454 0
453 0
452 0
451 0
450 0
449 0
448 0
447 0
446 0
445 0
444 0
443 0
442 0
441 0
440 0
439 0
438 0
437 0
436 0
435 0
434 0
433 0
432 0
431 0
430 0
429 0
428 0
427 0
426 0
425 0
424 0
423 0
422 0
421 0
420 0
419 0
418 0
417 0
416 0
415 0
414 0
413 0
412 0
411 0
410 0
409 0
408 0
407 0
406 0
405 0
404 0
403 0
402 0
401 0
400 0
399 0
398 0
397 0
396 0
395 0
394 0
393 0
392 0
391 0
390 0
389 0
388 0
387 0
386 0
385 0
384 0
383 0
382 0
381 0
380 0
379 0
378 0
377 0
376 0
375 0
374 0
373 0
372 0
371 0
370 0
369 0
368 0
367 0
366 0
365 0
364 0
363 0
362 0
361 0
360 0
359 0
358 0
357 0
356 0
355 0
354 0
353 0
352 0
351 0
350 0
349 0
348 0
347 0
346 0
345 0
344 0
343 0
342 0
341 0
340 0
339 0
338 0
337 0
336 0
335 0
334 0
333 0
332 0
331 0
330 0
329 0
328 0
327 0
326 0
325 0
324 0
323 0
322 0
321 0
320 0
319 0
318 0
317 0
316 0
315 0
314 0
313 0
312 0
311 0
310 0
309 0
308 0
307 0
306 0
305 0
304 0
303 0
302 0
301 0
300 0
299 0
298 0
297 0
296 0
295 0
294 0
293 0
292 0
291 0
290 0
289 0
288 0
287 0
286 0
285 0
284 0
283 0
282 0
281 0
280 0
279 0
278 0
277 0
276 0
275 0
274 0
273 0
272 0
271 0
270 0
269 0
268 0
267 0
266 0
265 0
264 0
263 0
262 0.00235849
261 0.00215983
260 0.00215983
259 0.00220751
258 0.0026178
257 0.00436681
256 0.00484262
255 0.00490196
254 0.00433839
253 0.00445434
252 0.0046729
251 0.00449438
250 0.0040568
249 0.00434783
248 0.00461894
247 0.00421941
246 0.0045045
245 0.00438596
244 0.00416667
243 0.00447427
242 0.00449438
241 0.004158
240 0.00426439
239 0.00419287
238 0.00364299
237 0.0041841
236 0.004329
235 0.00431965
234 0.00400802
233 0.00425532
232 0.00416667
231 0.00406504
230 0.004158
229 0.00408998
228 0.00392157
227 0.00398406
226 0.004158
225 0.00403226
224 0.00371058
223 0.00433839
222 0.00384615
221 0.00402414
220 0.00402414
219 0.00406504
218 0.00385356
217 0.00383142
216 0.00411523
215 0.00400802
214 0.00382409
213 0.00373134
212 0.00387597
211 0.00394477
210 0.004
209 0.003663
208 0.00364299
207 0.00369004
206 0.00373832
205 0.00371747
204 0.00382409
203 0.00372439
202 0.00341297
201 0.00375235
200 0.00353357
199 0.00356506
198 0.00343053
197 0.00371058
196 0.00362976
195 0.00361011
194 0.00340716
193 0.00362319
192 0.00508475
191 0.00556586
190 0.00476948
189 0.00519031
188 0.00540541
187 0.00507614
186 0.00522648
185 0.0064
184 0.00724638
183 0.00711744
182 0.00680272
181 0.00653595
180 0.0064
179 0.00778816
178 0.00798722
177 0.00816993
176 0.00782473
175 0.0108865
174 0.0110236
173 0.0145867
172 0.0152672
171 0.0171875
170 0.0163447
169 0.0224551
168 0.0234742
167 0.0225989
166 0.0241327
165 0.0247295
164 0.0263975
163 0.0253165
162 0.0279823
161 0.0311526
160 0.0345964
159 0.0344828
158 0.0355191
157 0.0392157
156 0.0401146
155 0.0407303
154 0.0422741
153 0.0421512
152 0.0458716
151 0.0413793
150 0.0434783
149 0.0481586
148 0.0531609
500 0
499 0
498 0
497 0
496 0
495 0
494 0
493 0
492 0
491 0
490 0
489 0
488 0
487 0
486 0
485 0
484 0
483 0
482 0
481 0
480 0
479 0
478 0
477 0
476 0
475 0
474 0
473 0
472 0
471 0
470 0
469 0
468 0
467 0
466 0
465 0
464 0
463 0
462 0
461 0
460 0
459 0
458 0
457 0
456 0
455 0
454 0
453 0
452 0
451 0
450 0
449 0
448 0
447 0
446 0
445 0
444 0
443 0
442 0
441 0
440 0
439 0
438 0
437 0
436 0
435 0
434 0
433 0
432 0
431 0
430 0
429 0
428 0
427 0
426 0
425 0
424 0
423 0
422 0
421 0
420 0
419 0
418 0
417 0
416 0
415 0
414 0
413 0
412 0
411 0
410 0
409 0
408 0
407 0
406 0
405 0
404 0
403 0
402 0
401 0
400 0
399 0
398 0
397 0
396 0
395 0
394 0
393 0
392 0
391 0
390 0
389 0
388 0
387 0
386 0
385 0
384 0
383 0
382 0
381 0
380 0
379 0
378 0
377 0
376 0
375 0
374 0
373 0
372 0
371 0
370 0
369 0
368 0
367 0
366 0
365 0
364 0
363 0
362 0
361 0
360 0
359 0
358 0
357 0
356 0
355 0
354 0
353 0
352 0
351 0
350 0
349 0
348 0
347 0
346 0
345 0
344 0
343 0
342 0
341 0
340 0
339 0
338 0
337 0
336 0
335 0
334 0
333 0
332 0
331 0
330 0
329 0
328 0
327 0
326 0
325 0
324 0
323 0
322 0
321 0
320 0
319 0
318 0
317 0
316 0
315 0
314 0
313 0
312 0
311 0
310 0
309 0
308 0
307 0
306 0
305 0
304 0
303 0
302 0
301 0
300 0
299 0
298 0
297 0
296 0
295 0
294 0
293 0
292 0
291 0
290 0
289 0
288 0
287 0
286 0
285 0
284 0
283 0
282 0
281 0
280 0
279 0
278 0
277 0
276 0
275 0
274 0
273 0
272 0
271 0
270 0
269 0
268 0
267 0
266 0
265 0
264 0
263 0
262 0.00235849
261 0.00215983
260 0.00215983
259 0.00220751
258 0.0026178
257 0.00436681
256 0.00484262
255 0.00490196
254 0.00433839
253 0.00445434
252 0.0046729
251 0.00449438
250 0.0040568
249 0.00434783
248 0.00461894
247 0.00421941
246 0.0045045
245 0.00438596
244 0.00416667
243 0.00447427
242 0.00449438
241 0.004158
240 0.00426439
239 0.00419287
238 0.00364299
237 0.0041841
236 0.004329
235 0.00431965
234 0.00400802
233 0.00425532
232 0.00416667
231 0.00406504
230 0.004158
229 0.00408998
228 0.00392157
227 0.00398406
226 0.004158
225 0.00403226
224 0.00371058
223 0.00433839
222 0.00384615
221 0.00402414
220 0.00402414
219 0.00406504
218 0.00385356
217 0.00383142
216 0.00411523
215 0.00400802
214 0.00382409
213 0.00373134
212 0.00387597
211 0.00394477
210 0.004
209 0.003663
208 0.00364299
207 0.00369004
206 0.00373832
205 0.00371747
204 0.00382409
203 0.00372439
202 0.00341297
201 0.00375235
200 0.00353357
199 0.00356506
198 0.00343053
197 0.00371058
196 0.00362976
195 0.00361011
194 0.00340716
193 0.00362319
192 0.00508475
191 0.00556586
190 0.00476948
189 0.00519031
188 0.00540541
187 0.00507614
186 0.00522648
185 0.0064
184 0.00724638
183 0.00711744
182 0.00680272
181 0.00653595
180 0.0064
179 0.00778816
178 0.00798722
177 0.00816993
176 0.00782473
175 0.0108865
174 0.0110236
173 0.0145867
172 0.0152672
171 0.0171875
170 0.0163447
169 0.0224551
168 0.0234742
167 0.0225989
166 0.0241327
165 0.0247295
164 0.0263975
163 0.0253165
162 0.0279823
161 0.0311526
160 0.0345964
159 0.0344828
158 0.0355191
157 0.0392157
156 0.0401146
155 0.0407303
154 0.0422741
153 0.0421512
152 0.0458716
151 0.0413793
150 0.0434783
149 0.0481586
148 0.0531609
500 0
499 0
498 0
497 0
496 0
495 0
494 0
493 0
492 0
491 0
490 0
489 0
488 0
487 0
486 0
485 0
484 0
483 0
482 0
481 0
480 0
479 0
478 0
477 0
476 0
475 0
474 0
473 0
472 0
471 0
470 0
469 0
468 0
467 0
466 0
465 0
464 0
463 0
462 0
461 0
460 0
459 0
458 0
457 0
456 0
455 0
454 0
453 0
452 0
451 0
450 0
449 0
448 0
447 0
446 0
445 0
444 0
443 0
442 0
441 0
440 0
439 0
438 0
437 0
436 0
435 0
434 0
433 0
432 0
431 0
430 0
429 0
428 0
427 0
426 0
425 0
424 0
423 0
422 0
421 0
420 0
419 0
418 0
417 0
416 0
415 0
414 0
413 0
412 0
411 0
410 0
409 0
408 0
407 0
406 0
405 0
404 0
403 0
402 0
401 0
400 0
399 0
398 0
397 0
396 0
395 0
394 0
393 0
392 0
391 0
390 0
389 0
388 0
387 0
386 0
385 0
384 0
383 0
382 0
381 0
380 0
379 0
378 0
377 0
376 0
375 0
374 0
373 0
372 0
371 0
370 0
369 0
368 0
367 0
366 0
365 0
364 0
363 0
362 0
361 0
360 0
359 0
358 0
357 0
356 0
355 0
354 0
353 0
352 0
351 0
350 0
349 0
348 0
347 0
346 0
345 0
344 0
343 0
342 0
341 0
340 0
339 0
338 0
337 0
336 0
335 0
334 0
333 0
332 0
331 0
330 0
329 0
328 0
327 0
326 0
325 0
324 0
323 0
322 0
321 0
320 0
319 0
318 0
317 0
316 0
315 0
314 0
313 0
312 0
311 0
310 0
309 0
308 0
307 0
306 0
305 0
304 0
303 0
302 0
301 0
300 0
299 0
298 0
297 0
296 0
295 0
294 0
293 0
292 0
291 0
290 0
289 0
288 0
287 0
286 0
285 0
284 0
283 0
282 0
281 0
280 0
279 0
278 0
277 0
276 0
275 0
274 0
273 0
272 0
271 0
270 0
269 0
268 0
267 0
266 0
265 0
264 0
263 0
262 0.00235849
261 0.00215983
260 0.00215983
259 0.00220751
258 0.0026178
257 0.00436681
256 0.00484262
255 0.00490196
254 0.00433839
253 0.00445434
252 0.0046729
251 0.00449438
250 0.0040568
249 0.00434783
248 0.00461894
247 0.00421941
246 0.0045045
245 0.00438596
244 0.00416667
243 0.00447427
242 0.00449438
241 0.004158
240 0.00426439
239 0.00419287
238 0.00364299
237 0.0041841
236 0.004329
235 0.00431965
234 0.00400802
233 0.00425532
232 0.00416667
231 0.00406504
230 0.004158
229 0.00408998
228 0.00392157
227 0.00398406
226 0.004158
225 0.00403226
224 0.00371058
223 0.00433839
222 0.00384615
221 0.00402414
220 0.00402414
219 0.00406504
218 0.00385356
217 0.00383142
216 0.00411523
215 0.00400802
214 0.00382409
213 0.00373134
212 0.00387597
211 0.00394477
210 0.004
209 0.003663
208 0.00364299
207 0.00369004
206 0.00373832
205 0.00371747
204 0.00382409
203 0.00372439
202 0.00341297
201 0.00375235
200 0.00353357
199 0.00356506
198 0.00343053
197 0.00371058
196 0.00362976
195 0.00361011
194 0.00340716
193 0.00362319
192 0.00508475
191 0.00556586
190 0.00476948
189 0.00519031
188 0.00540541
187 0.00507614
186 0.00522648
185 0.0064
184 0.00724638
183 0.00711744
182 0.00680272
181 0.00653595
180 0.0064
179 0.00778816
178 0.00798722
177 0.00816993
176 0.00782473
175 0.0108865
174 0.0110236
173 0.0145867
172 0.0152672
171 0.0171875
170 0.0163447
169 0.0224551
168 0.0234742
167 0.0225989
166 0.0241327
165 0.0247295
164 0.0263975
163 0.0253165
162 0.0279823
161 0.0311526
160 0.0345964
159 0.0344828
158 0.0355191
157 0.0392157
156 0.0401146
155 0.0407303
154 0.0422741
153 0.0421512
152 0.0458716
151 0.0413793
150 0.0434783
149 0.0481586
148 0.0531609
500 0
499 0
498 0
497 0
496 0
495 0
494 0
493 0
492 0
491 0
490 0
489 0
488 0
487 0
486 0
485 0
484 0
483 0
482 0
481 0
480 0
479 0
478 0
477 0
476 0
475 0
474 0
473 0
472 0
471 0
470 0
469 0
468 0
467 0
466 0
465 0
464 0
463 0
462 0
461 0
460 0
459 0
458 0
457 0
456 0
455 0
454 0
453 0
452 0
451 0
450 0
449 0
448 0
447 0
446 0
445 0
444 0
443 0
442 0
441 0
440 0
439 0
438 0
437 0
436 0
435 0
434 0
433 0
432 0
431 0
430 0
429 0
428 0
427 0
426 0
425 0
424 0
423 0
422 0
421 0
420 0
419 0
418 0
417 0
416 0
415 0
414 0
413 0
412 0
411 0
410 0
409 0
408 0
407 0
406 0
405 0
404 0
403 0
402 0
401 0
400 0
399 0
398 0
397 0
396 0
395 0
394 0
393 0
392 0
391 0
390 0
389 0
388 0
387 0
386 0
385 0
384 0
383 0
382 0
381 0
380 0
379 0
378 0
377 0
376 0
375 0
374 0
373 0
372 0
371 0
370 0
369 0
368 0
367 0
366 0
365 0
364 0
363 0
362 0
361 0
360 0
359 0
358 0
357 0
356 0
355 0
354 0
353 0
352 0
351 0
350 0
349 0
348 0
347 0
346 0
345 0
344 0
343 0
342 0
341 0
340 0
339 0
338 0
337 0
336 0
335 0
334 0
333 0
332 0
331 0
330 0
329 0
328 0
327 0
326 0
325 0
324 0
323 0
322 0
321 0
320 0
319 0
318 0
317 0
316 0
315 0
314 0
313 0
312 0
311 0
310 0
309 0
308 0
307 0
306 0
305 0
304 0
303 0
302 0
301 0
300 0
299 0
298 0
297 0
296 0
295 0
294 0
293 0
292 0
291 0
290 0
289 0
288 0
287 0
286 0
285 0
284 0
283 0
282 0
281 0
280 0
279 0
278 0
277 0
276 0
275 0
274 0
273 0
272 0
271 0
270 0
269 0
268 0
267 0
266 0
265 0
264 0
263 0
262 0.00235849
261 0.00215983
260 0.00215983
259 0.00220751
258 0.0026178
257 0.00436681
256 0.00484262
255 0.00490196
254 0.00433839
253 0.00445434
252 0.0046729
251 0.00449438
250 0.0040568
249 0.00434783
248 0.00461894
247 0.00421941
246 0.0045045
245 0.00438596
244 0.00416667
243 0.00447427
242 0.00449438
241 0.004158
240 0.00426439
239 0.00419287
238 0.00364299
237 0.0041841
236 0.004329
235 0.00431965
234 0.00400802
233 0.00425532
232 0.00416667
231 0.00406504
230 0.004158
229 0.00408998
228 0.00392157
227 0.00398406
226 0.004158
225 0.00403226
224 0.00371058
223 0.00433839
222 0.00384615
221 0.00402414
220 0.00402414
219 0.00406504
218 0.00385356
217 0.00383142
216 0.00411523
215 0.00400802
214 0.00382409
213 0.00373134
212 0.00387597
211 0.00394477
210 0.004
209 0.003663
208 0.00364299
207 0.00369004
206 0.00373832
205 0.00371747
204 0.00382409
203 0.00372439
202 0.00341297
201 0.00375235
200 0.00353357
199 0.00356506
198 0.00343053
197 0.00371058
196 0.00362976
195 0.00361011
194 0.00340716
193 0.00362319
192 0.00508475
191 0.00556586
190 0.00476948
189 0.00519031
188 0.00540541
187 0.00507614
186 0.00522648
185 0.0064
184 0.00724638
183 0.00711744
182 0.00680272
181 0.00653595
180 0.0064
179 0.00778816
178 0.00798722
177 0.00816993
176 0.00782473
175 0.0108865
174 0.0110236
173 0.0145867
172 0.0152672
171 0.0171875
170 0.0163447
169 0.0224551
168 0.0234742
167 0.0225989
166 0.0241327
165 0.0247295
164 0.0263975
163 0.0253165
162 0.0279823
161 0.0311526
160 0.0345964
159 0.0344828
158 0.0355191
157 0.0392157
156 0.0401146
155 0.0407303
154 0.0422741
153 0.0421512
152 0.0458716
151 0.0413793
150 0.0434783
149 0.0481586
148 0.0531609
500 0
499 -nan(ind)
500 0
499 0
498 0
497 0
496 0
495 0
494 0
493 0
492 0
491 0
490 0
489 0
488 0
487 0
486 0
485 0
484 0
483 0
482 0
481 0
480 0
479 0
478 0
477 0
476 0
475 0
474 0
473 0
472 0
471 0
470 0
469 0
468 0
467 0
466 0
465 0
464 0
463 0
462 0
461 0
460 0
459 0
458 0
457 0
456 0
455 0
454 0
453 0
452 0
451 0
450 0
449 0
448 0
447 0
446 0
445 0
444 0
443 0
442 0
441 0
440 0
439 0
438 0
437 0
436 0
435 0
434 0
433 0
432 0
431 0
430 0
429 0
428 0
427 0
426 0
425 0
424 0
423 0
422 0
421 0
420 0
419 0
418 0
417 0
416 0
415 0
414 0
413 0
412 0
411 0
410 0
409 0
408 0
407 0
406 0
405 0
404 0
403 0
402 0
401 0
400 0
399 0
398 0
397 0
396 0
395 0
394 0
393 0
392 0
391 0
390 0
389 0
388 0
387 0
386 0
385 0
384 0
383 0
382 0
381 0
380 0
379 0
378 0
377 0
376 0
375 0
374 0
373 0
372 0
371 0
370 0
369 0
368 0
367 0
366 0
365 0
364 0
363 0
362 0
361 0
360 0
359 0
358 0
357 0
356 0
355 0
354 0
353 0
352 0
351 0
350 0
349 0
348 0
347 0
346 0
345 0
344 0
343 0
342 0
341 0
340 0
339 0
338 0
337 0
336 0
335 0
334 0
333 0
332 0
331 0
330 0
329 0
328 0
327 0
326 0
325 0
324 0
323 0
322 0
321 0
320 0
319 0
318 0
317 0
316 0
315 0
314 0
313 0
312 0
311 0
310 0
309 0
308 0
307 0
306 0
305 0
304 0
303 0
302 0.00266667
301 0.00297619
300 0.00273224
299 0.00255102
298 0.00265252
297 0.00274725
296 0.00289855
295 0.00276243
294 0.00255754
293 0.0026738
292 0.00273224
291 0.00288184
290 0.00263158
289 0.00269542
288 0.00284091
287 0.00258398
286 0.00262467
285 0.00282486
284 0.00276243
283 0.0026178
282 0.00260417
281 0.0027248
280 0.00253165
279 0.00273973
278 0.00276243
277 0.00251256
276 0.00257732
275 0.00248139
274 0.00255754
273 0.00241546
272 0.00238663
271 0.00224215
270 0.0025974
269 0.00235849
268 0.00242718
267 0.00265252
266 0.00227273
265 0.0025
264 0.00257069
263 0.0023753
262 0.00259067
261 0.00275482
260 0.00248756
259 0.00257732
258 0.00251889
257 0.00260417
256 0.00239234
255 0.00243902
254 0.00231481
253 0.00228833
252 0.00224719
251 0.00239808
250 0.00243902
249 0.00238663
248 0.0022779
247 0.00245098
246 0.00257069
245 0.0022779
244 0.00235849
243 0.00230415
242 0.00220751
241 0.00243902
240 0.00215054
239 0.0045977
238 0.0043956
237 0.00485437
236 0.00434783
235 0.00419287
234 0.00493827
233 0.00454545
232 0.0045045
231 0.00652174
230 0.00731707
229 0.00666667
228 0.00675676
227 0.00680272
226 0.00672646
225 0.00656455
224 0.00603622
223 0.00601202
222 0.00890869
221 0.00849257
220 0.00877193
219 0.00829876
218 0.00814664
217 0.00842105
216 0.00843882
215 0.00884956
214 0.00863931
213 0.00753296
212 0.00831601
211 0.00816327
210 0.00808081
209 0.00816327
208 0.00865801
207 0.00776699
206 0.00803213
205 0.00961538
204 0.0117188
203 0.0151803
202 0.0163599
201 0.0147874
200 0.0152091
199 0.016129
198 0.0163599
197 0.0186567
196 0.0193798
195 0.0198915
194 0.0210325
193 0.0202952
192 0.0194346
191 0.0190641
190 0.0197487
189 0.0194004
188 0.0232558
187 0.0216998
186 0.0213144
185 0.0228571
184 0.0218579
183 0.0215947
182 0.0241636
181 0.0214168
180 0.0226481
179 0.0235081
178 0.0226876
177 0.022807
176 0.0231023
175 0.0231405
174 0.0238501
173 0.0229133
172 0.0253623
171 0.0276423
170 0.0279146
169 0.0275081
168 0.028125
167 0.0326264
166 0.0339806
165 0.0325077
164 0.0329154
163 0.0332805
162 0.0336
161 0.032967
160 0.0337423
159 0.0353698
158 0.0333839
157 0.0345865
156 0.0343797
155 0.0362538
154 0.0364742
153 0.0416667
152 0.0478326
151 0.0531915
500 0
499 0
498 0
497 0
496 0
495 0
494 0
493 0
492 0
500 0
500 0
500 0
499 0
498 0
497 0
496 0
495 0
494 0
493 0
492 0
491 0
490 0
489 0
488 0
487 0
486 0
485 0
484 0
483 0
482 0
481 0
480 0
479 0
478 0
477 0
476 0
475 0
474 0
473 0
472 0
471 0
470 0
469 0
468 0
467 0
466 0
465 0
464 0
463 0
462 0
461 0
460 0
459 0
458 0
457 0
456 0
455 0
454 0
453 0
452 0
451 0
450 0
449 0
448 0
447 0
446 0
445 0
444 0
443 0
442 0
441 0
440 0
439 0
438 0
437 0
436 0
435 0
434 0
433 0
432 0
431 0
430 0
429 0
428 0
427 0
426 0
425 0
424 0
423 0
422 0
421 0
420 0
419 0
418 0
417 0
416 0
415 0
414 0
413 0
412 0
411 0
410 0
409 0
408 0
407 0
406 0
405 0
404 0
403 0
402 0
401 0
400 0
399 0
398 0
397 0
396 0
395 0
394 0
393 0
392 0
391 0
390 0
389 0
388 0
387 0
386 0
385 0
384 0
383 0
382 0
381 0
380 0
379 0
378 0
377 0
376 0
375 0
374 0
373 0
372 0
371 0
370 0
369 0
368 0
367 0
366 0
365 0
364 0
363 0
362 0
361 0
360 0
359 0
358 0
357 0
356 0
355 0
354 0
353 0
352 0
351 0
350 0
349 0
348 0
347 0
346 0
345 0
344 0
343 0
342 0
341 0
340 0
339 0
338 0
337 0
336 0
335 0
334 0
333 0
332 0
331 0
330 0
329 0
328 0
327 0
326 0
325 0
324 0
323 0
322 0
321 0
320 0
319 0
318 0
317 0
316 0
315 0
314 0
313 0
312 0
311 0
310 0
309 0
308 0
307 0
306 0
305 0
304 0
303 0
302 0
301 0
300 0
299 0
298 0
297 0
296 0
295 0
294 0
293 0
292 0
291 0
290 0
289 0
288 0
287 0
286 0
285 0
284 0
283 0
282 0
281 0
280 0
279 0
278 0
277 0
276 0
275 0
274 0
273 0
272 0
271 0
270 0
269 0
268 0
267 0
266 0
265 0
264 0
263 0
262 0
261 0
260 0
259 0
258 0
257 0
256 0
255 0
254 0
253 0
252 0
251 0
250 0
249 0
248 0
247 0
246 0
245 0
244 0
243 0
242 0
241 0
240 0
239 0
238 0
237 0
236 0
235 0
234 0
233 0
232 0
231 0
230 0
229 0
228 0
227 0
226 0
225 0
224 0
223 0
222 0
221 0
220 0
219 0
218 0
217 0
216 0
215 0
214 0
213 0
212 0
211 0
210 0
209 0
208 0
207 0
206 0.00456621
205 0.00492611
204 0.00438596
203 0.00492611
202 0.00490196
201 0.0042735
200 0.00473934
199 0.0045045
198 0.00833333
197 0.00930233
196 0.0133929
195 0.0142857
194 0.0136364
193 0.012931
192 0.0141509
191 0.0125
190 0.012
189 0.0136364
188 0.012931
187 0.014218
186 0.0125523
185 0.0124481
184 0.0131579
183 0.0133929
182 0.0125523
181 0.0115385
180 0.0125
179 0.0128205
178 0.0122449
177 0.0109091
176 0.0113636
175 0.0120482
174 0.010274
173 0.0128755
172 0.0115385
171 0.0113636
170 0.0184502
169 0.0185185
168 0.0224215
167 0.0199203
166 0.0185185
165 0.0218341
164 0.0178571
163 0.0167785
162 0.0244755
161 0.028777
160 0.0392157
159 0.0408922
158 0.0486726
157 0.043956
156 0.0415225
155 0.045977
154 0.0483871
153 0.0434783
152 0.0482315
151 0.0511945
500 0
499 0
498 0
497 0
496 0
495 0
494 0
493 0
492 0
491 0
490 0
489 0
488 0
487 0
486 0
485 0
484 0
483 0
482 0
481 0
480 0
479 0
478 0
477 0
476 0
475 0
474 0
473 0
472 0
471 0
470 0
469 0
468 0
467 0
466 0
465 0
464 0
463 0
462 0
461 0
460 0
459 0
458 0
457 0
456 0
455 0
454 0
453 0
452 0
451 0
450 0
449 0
448 0
447 0
446 0
445 0
444 0
443 0
442 0
441 0
440 0
439 0
438 0
437 0
436 0
435 0
434 0
433 0
432 0
431 0
430 0
429 0
428 0
427 0
426 0
425 0
424 0
423 0
422 0
421 0
420 0
419 0
418 0
417 0
416 0
415 0
414 0
413 0
412 0
411 0
410 0
409 0
408 0
407 0
406 0
405 0
404 0
403 0
402 0
401 0
400 0
399 0
398 0
397 0
396 0
395 0
394 0
393 0
392 0
391 0
390 0
389 0
388 0
387 0
386 0
385 0
384 0
383 0
382 0
381 0
380 0
379 0
378 0
377 0
376 0
375 0
374 0
373 0
372 0
371 0
370 0
369 0
368 0
367 0
366 0
365 0
364 0
363 0
362 0
361 0
360 0
359 0
358 0
357 0
356 0
355 0
354 0
353 0
352 0
351 0
350 0
349 0
348 0
347 0
346 0
345 0
344 0
343 0
342 0
341 0
340 0
339 0
338 0
337 0
336 0
335 0
334 0
333 0
332 0
331 0
330 0
329 0
328 0
327 0
326 0
325 0
324 0
323 0
322 0
321 0
320 0
319 0
318 0
317 0
316 0
315 0
314 0
313 0
312 0
311 0
310 0
309 0
308 0
307 0
306 0
305 0
304 0
303 0
302 0
301 0
300 0
299 0
298 0
297 0
296 0
295 0
294 0
293 0
292 0
291 0
290 0
289 0
288 0
287 0
286 0
285 0
284 0
283 0
282 0
281 0
280 0
279 0
278 0
277 0
276 0
275 0
274 0
273 0
272 0
271 0
270 0
269 0
268 0
267 0
266 0
265 0
264 0
263 0
262 0
261 0
260 0
259 0
258 0
257 0
256 0
255 0
254 0
253 0
252 0
251 0
250 0
249 0
248 0
247 0
246 0
245 0
244 0
243 0
242 0
241 0
240 0
239 0
238 0
237 0
236 0
235 0
234 0
233 0
232 0
231 0
230 0
229 0
228 0
227 0
226 0
225 0
224 0
223 0
222 0
221 0
220 0
219 0
218 0
217 0
216 0
215 0
214 0
213 0
212 0
211 0
210 0
209 0
208 0
207 0
206 0
205 0
204 0
203 0
202 0
201 0
200 0
199 0
198 0
197 0
196 0
195 0
194 0
193 0
192 0.00364964
191 0.00384615
190 0.00429185
189 0.003663
188 0.00414938
187 0.00378788
186 0.004
185 0.00763359
184 0.0122449
183 0.0112782
182 0.0114068
181 0.0102389
180 0.0151515
179 0.0145455
178 0.0150376
177 0.0142349
176 0.0150943
175 0.0169492
174 0.0176056
173 0.0171821
172 0.0217391
171 0.0215054
170 0.0255474
169 0.0242215
168 0.0227273
167 0.025641
166 0.0233333
165 0.0238095
164 0.0263158
163 0.0260586
162 0.0265781
161 0.028169
160 0.0257235
159 0.0255591
158 0.0348101
157 0.0347003
156 0.0410557
155 0.0468227
154 0.0468227
153 0.0421687
152 0.0430769
151 0.0414201
150 0.0438871
149 0.0533333
